0 0.577408 0.399947 0.611701 0.370471 0.631918 0.420471 0.597625 0.449947
0 0.620334 0.609624 0.653521 0.580148 0.673737 0.628535 0.640551 0.658011
0 0.725003 0.522680 0.757084 0.489673 0.779722 0.536447 0.747641 0.569454
0 0.877786 0.128827 0.902122 0.102881 0.918021 0.134582 0.893684 0.160528
0 0.704349 0.563276 0.722048 0.542625 0.736212 0.568432 0.718512 0.589082
0 0.609925 0.797870 0.634205 0.777532 0.652000 0.822693 0.627720 0.843031
0 0.787424 0.767413 0.818149 0.738489 0.837473 0.782125 0.806748 0.811049
0 0.823171 0.729862 0.857464 0.698620 0.878891 0.748620 0.844598 0.779862
0 0.916182 0.335431 0.946050 0.305954 0.966267 0.349503 0.936399 0.378979
0 0.951190 0.291300 0.983682 0.275891 0.996883 0.335069 0.964391 0.350478
