0 0.254566 0.241968 0.220681 0.097129 0.295250 0.031312 0.329136 0.176151
0 0.362562 0.530088 0.323211 0.416227 0.381831 0.339794 0.421183 0.453655
0 0.510242 0.565396 0.440284 0.584742 0.430324 0.448860 0.500282 0.429515
0 0.597459 0.482767 0.525315 0.514504 0.508976 0.374377 0.581120 0.342640
0 0.685134 0.481619 0.616269 0.507160 0.603119 0.373402 0.671984 0.347861
0 0.737396 0.441467 0.675650 0.407184 0.694398 0.279795 0.756144 0.314079
0 0.789725 0.579887 0.766862 0.442862 0.847811 0.391907 0.870673 0.528932
0 0.788796 0.740274 0.841155 0.651902 0.893396 0.768675 0.841037 0.857046
0 0.563638 0.781261 0.632502 0.751042 0.648060 0.884800 0.579196 0.915019
0 0.459289 0.817982 0.539084 0.756784 0.570591 0.911773 0.490796 0.972971
