1 0.251671 0.142862 0.231373 0.164663 0.206644 0.084268 0.226942 0.062467
1 0.448402 0.465267 0.432525 0.440283 0.461764 0.375403 0.477641 0.400387
1 0.596151 0.332610 0.581073 0.302136 0.614545 0.244308 0.629623 0.274782
1 0.552172 0.783462 0.529814 0.779352 0.534714 0.686263 0.557072 0.690373
1 0.307550 0.726489 0.296129 0.706565 0.328542 0.641685 0.339964 0.661609
1 0.058802 0.817464 0.077152 0.793305 0.104274 0.865237 0.085925 0.889396
1 0.253530 0.678102 0.237980 0.709818 0.198435 0.642116 0.213986 0.610401
1 0.279430 0.489785 0.307027 0.503929 0.296054 0.578683 0.268457 0.564538
1 0.259629 0.598492 0.241277 0.631602 0.207024 0.565312 0.225376 0.532201
1 0.108642 0.718492 0.126783 0.683532 0.160255 0.744181 0.142113 0.779141
1 0.147821 0.636047 0.168028 0.610829 0.197267 0.692634 0.177060 0.717853
