1 0.178625 0.584798 0.168970 0.557706 0.210907 0.505520 0.220562 0.532611
1 0.084908 0.695715 0.076443 0.669637 0.116264 0.624503 0.124729 0.650581
1 0.279535 0.479503 0.267002 0.448614 0.306823 0.392197 0.319356 0.423085
1 0.390294 0.344914 0.378464 0.306758 0.421460 0.260213 0.433289 0.298369
1 0.498340 0.215290 0.486292 0.182503 0.532462 0.123264 0.544510 0.156052
1 0.594127 0.231420 0.583097 0.200223 0.620802 0.153679 0.631831 0.184876
1 0.683932 0.124971 0.675303 0.095107 0.717240 0.052794 0.725869 0.082658
1 0.493734 0.345954 0.484546 0.316142 0.526483 0.271008 0.535672 0.300820
1 0.374531 0.487300 0.365933 0.454921 0.414610 0.409787 0.423208 0.442166
1 0.713079 0.771886 0.694833 0.796569 0.665871 0.721816 0.684117 0.697133
1 0.754429 0.728545 0.733906 0.755285 0.708118 0.686173 0.728642 0.659433
1 0.795058 0.726551 0.784283 0.695219 0.823045 0.648674 0.833820 0.680007
1 0.802423 0.772834 0.793849 0.744846 0.834728 0.701122 0.843302 0.729111
1 0.843796 0.881492 0.835015 0.850575 0.874836 0.811082 0.883617 0.842000
1 0.670761 0.833593 0.654863 0.850973 0.630319 0.772578 0.646216 0.755199
