0 0.248872 0.328466 0.298591 0.322597 0.303069 0.403242 0.253350 0.409111
0 0.220389 0.548486 0.206008 0.515480 0.228646 0.494512 0.243027 0.527519
0 0.345035 0.486810 0.382783 0.483709 0.384965 0.540172 0.347217 0.543273
0 0.084985 0.746904 0.125916 0.694481 0.161871 0.754158 0.120940 0.806582
0 0.149987 0.689891 0.183369 0.690313 0.183005 0.751604 0.149622 0.751182
0 0.192629 0.685248 0.231347 0.678718 0.235825 0.735170 0.197107 0.741699
0 0.217186 0.816623 0.250373 0.811859 0.253641 0.860246 0.220454 0.865010
0 0.262085 0.813397 0.297484 0.808633 0.300752 0.860246 0.265352 0.865010
0 0.306775 0.812667 0.339961 0.806138 0.344440 0.854525 0.311253 0.861054
0 0.350358 0.806215 0.383545 0.799686 0.388023 0.848073 0.354836 0.854602
