0 0.287692 0.194748 0.264512 0.134347 0.305939 0.100550 0.329119 0.160950
0 0.290862 0.281404 0.303133 0.170951 0.378888 0.188844 0.366617 0.299296
0 0.239821 0.351805 0.261637 0.291404 0.303064 0.323214 0.281247 0.383615
0 0.192059 0.526044 0.213876 0.459114 0.259780 0.490923 0.237964 0.557853
0 0.114263 0.629557 0.100628 0.697549 0.053994 0.677669 0.067630 0.609676
0 0.116337 0.711043 0.104099 0.773289 0.047019 0.749432 0.059257 0.687186
0 0.561662 0.325655 0.530112 0.377197 0.484862 0.318317 0.516412 0.266774
0 0.304084 0.716348 0.263045 0.722091 0.258203 0.648532 0.299242 0.642789
0 0.498895 0.565415 0.444354 0.622526 0.405183 0.543004 0.459725 0.485892
0 0.104810 0.926318 0.127991 0.889854 0.152999 0.923652 0.129819 0.960115
0 0.140337 0.879464 0.173061 0.869114 0.180160 0.916828 0.147435 0.927177
0 0.222444 0.843780 0.256493 0.849218 0.252464 0.902853 0.218415 0.897415
0 0.359832 0.784036 0.407240 0.774311 0.414338 0.847869 0.366930 0.857595
0 0.417783 0.778072 0.462780 0.767722 0.469878 0.833329 0.424881 0.843678
0 0.471598 0.764583 0.515814 0.754221 0.523219 0.821394 0.479003 0.831756
0 0.748831 0.128537 0.798125 0.107383 0.814178 0.186905 0.764885 0.208060
0 0.748069 0.697896 0.699657 0.712709 0.687352 0.627222 0.735765 0.612409
