1 0.925560 0.900325 0.888895 0.868488 0.899511 0.822366 0.936176 0.854204
1 0.923468 0.707137 0.875264 0.692703 0.879591 0.638196 0.927795 0.652630
1 0.789879 0.638262 0.741558 0.623214 0.745884 0.570803 0.794205 0.585851
1 0.725309 0.491898 0.683486 0.480269 0.687812 0.421569 0.729636 0.433198
1 0.606030 0.427454 0.554338 0.406349 0.560236 0.351842 0.611929 0.372946
1 0.504515 0.381671 0.468175 0.348461 0.480363 0.298146 0.516703 0.331357
1 0.464048 0.347496 0.419590 0.326977 0.425488 0.278759 0.469947 0.299278
1 0.407077 0.333157 0.369642 0.307773 0.378686 0.257459 0.416121 0.282843
1 0.189445 0.232400 0.142042 0.185448 0.155803 0.133037 0.203205 0.179989
1 0.414912 0.436655 0.371241 0.418112 0.377140 0.365701 0.420811 0.384244
1 0.463034 0.470047 0.414314 0.455999 0.418641 0.399395 0.467361 0.413443
1 0.508102 0.485575 0.463586 0.469821 0.467913 0.423700 0.512428 0.439453
1 0.553298 0.584616 0.515875 0.559459 0.523346 0.517530 0.560769 0.542687
1 0.599545 0.599391 0.557678 0.578227 0.563576 0.534202 0.605444 0.555366
1 0.655113 0.648824 0.605884 0.612652 0.616499 0.558145 0.665729 0.594316
1 0.713387 0.588795 0.657673 0.576244 0.660427 0.530123 0.716141 0.542674
