0 0.372034 0.342979 0.364290 0.269374 0.414774 0.258083 0.422517 0.331689
0 0.618601 0.353232 0.640726 0.378476 0.623412 0.410734 0.601288 0.385490
0 0.713794 0.419513 0.739238 0.441227 0.724345 0.478323 0.698902 0.456610
0 0.709776 0.578615 0.714200 0.501480 0.767105 0.507931 0.762680 0.585067
0 0.704154 0.644563 0.712558 0.583919 0.761831 0.598435 0.753426 0.659080
0 0.673145 0.875924 0.660003 0.803823 0.714118 0.782855 0.727260 0.854957
0 0.755239 0.828187 0.799488 0.835779 0.794281 0.900295 0.750031 0.892703
0 0.836321 0.864241 0.812678 0.882778 0.800597 0.850022 0.824240 0.831485
0 0.877306 0.478948 0.917130 0.468889 0.924030 0.526953 0.884206 0.537013
0 0.829391 0.594135 0.841559 0.531121 0.884778 0.548863 0.872609 0.611877
0 0.822127 0.684337 0.832884 0.614583 0.885958 0.631983 0.875200 0.701737
0 0.826103 0.748060 0.832740 0.706228 0.861431 0.715905 0.854794 0.757738
0 0.802276 0.803508 0.829932 0.747554 0.868308 0.787877 0.840653 0.843831
