1 0.287525 0.288944 0.303660 0.247107 0.342578 0.299518 0.326442 0.341354
1 0.544315 0.187827 0.521713 0.176316 0.535473 0.081976 0.558075 0.093488
1 0.569311 0.214292 0.547189 0.193944 0.570384 0.105894 0.592506 0.126241
1 0.663923 0.332146 0.644243 0.304534 0.673726 0.231158 0.693407 0.258771
1 0.636652 0.446705 0.649502 0.408005 0.694708 0.460416 0.681859 0.499115
1 0.582765 0.580882 0.599615 0.533785 0.643249 0.588293 0.626400 0.635389
1 0.627804 0.711337 0.642627 0.742953 0.602928 0.807943 0.588105 0.776326
1 0.283422 0.517597 0.288895 0.550948 0.241335 0.578202 0.235861 0.544851
1 0.287662 0.568395 0.294089 0.604972 0.249674 0.632226 0.243246 0.595649
1 0.303380 0.615140 0.309817 0.646278 0.257540 0.684014 0.251103 0.652876
1 0.312463 0.661247 0.322747 0.700800 0.267325 0.751115 0.257041 0.711561
1 0.328241 0.766200 0.335271 0.797105 0.279849 0.841130 0.272819 0.810225
1 0.365150 0.266379 0.351821 0.299022 0.312122 0.242418 0.325452 0.209775
1 0.237919 0.419720 0.249492 0.384675 0.293127 0.434990 0.281554 0.470034
