1 0.021454 0.411930 0.015113 0.381068 0.066806 0.358487 0.073148 0.389350
1 0.123140 0.376826 0.114395 0.348430 0.162893 0.316680 0.171637 0.345075
1 0.236853 0.330318 0.231166 0.302638 0.282859 0.280057 0.288547 0.307738
1 0.342514 0.264046 0.347806 0.293469 0.292962 0.314436 0.287670 0.285014
1 0.741031 0.165498 0.733792 0.133952 0.786697 0.108145 0.793935 0.139692
1 0.804261 0.147085 0.796888 0.111076 0.853216 0.086559 0.860588 0.122568
1 0.393901 0.559039 0.420577 0.549275 0.435636 0.636735 0.408960 0.646499
1 0.414969 0.649498 0.440000 0.640274 0.451742 0.708016 0.426711 0.717240
1 0.316810 0.689301 0.333335 0.683520 0.342162 0.737157 0.325637 0.742938
1 0.324452 0.762645 0.344076 0.756160 0.354607 0.823901 0.334984 0.830387
1 0.431020 0.735813 0.453005 0.728153 0.465957 0.807185 0.443973 0.814845
1 0.445068 0.827883 0.466032 0.819214 0.481406 0.898246 0.460442 0.906915
1 0.657163 0.778020 0.683202 0.766537 0.695587 0.826241 0.669548 0.837724
1 0.848380 0.707678 0.868574 0.701449 0.879106 0.774030 0.858911 0.780259
1 0.872179 0.694529 0.890780 0.688792 0.901311 0.761372 0.882711 0.767110
1 0.943480 0.220650 0.937296 0.190228 0.982090 0.170873 0.988274 0.201295
