1 0.536306 0.053585 0.555951 0.052317 0.558008 0.120059 0.538363 0.121327
1 0.596659 0.100605 0.604557 0.131102 0.560609 0.155296 0.552711 0.124799
1 0.542286 0.183455 0.564498 0.183736 0.564134 0.245027 0.541922 0.244746
1 0.543251 0.343715 0.563534 0.349283 0.558327 0.389606 0.538043 0.384038
1 0.545912 0.399031 0.563294 0.400419 0.560509 0.474612 0.543126 0.473225
1 0.548965 0.512871 0.565084 0.512385 0.565930 0.572063 0.549811 0.572548
1 0.554975 0.687088 0.573601 0.686555 0.574447 0.749459 0.555822 0.749991
1 0.561051 0.876463 0.582053 0.877826 0.580478 0.929438 0.559476 0.928076
1 0.552867 0.632254 0.574283 0.631508 0.575129 0.683121 0.553714 0.683867
1 0.629461 0.043134 0.649237 0.043413 0.648872 0.098252 0.629096 0.097972
1 0.632663 0.150782 0.650877 0.151894 0.649302 0.206733 0.631088 0.205620
1 0.633144 0.228605 0.652818 0.228910 0.652453 0.278910 0.632779 0.278605
1 0.629482 0.286681 0.654058 0.286962 0.653694 0.354704 0.629118 0.354423
1 0.634991 0.394462 0.653392 0.395311 0.651817 0.467891 0.633416 0.467042
1 0.643322 0.762464 0.664922 0.759499 0.669400 0.828854 0.647800 0.831819
