0 0.677245 0.198638 0.615257 0.206004 0.608923 0.092684 0.670911 0.085317
0 0.375531 0.349025 0.436819 0.331546 0.449887 0.428962 0.388599 0.446440
0 0.466368 0.350633 0.502580 0.344921 0.508186 0.420468 0.471973 0.426180
0 0.565654 0.480868 0.565654 0.516218 0.541409 0.516218 0.541409 0.480868
0 0.397624 0.636986 0.363535 0.694097 0.324365 0.644395 0.358453 0.587284
0 0.523974 0.657888 0.478977 0.645362 0.487568 0.579756 0.532564 0.592281
0 0.364180 0.777574 0.409910 0.844811 0.361785 0.914394 0.316055 0.847157
0 0.562135 0.799712 0.613950 0.817653 0.601645 0.893199 0.549830 0.875259
0 0.636080 0.812917 0.689258 0.824329 0.681431 0.901864 0.628253 0.890452
0 0.704184 0.811681 0.761453 0.805684 0.765566 0.889183 0.708297 0.895180
